+0.00000
+0.10000
+0.20000
+0.30000
+0.40000
+0.50000
+0.60000
+0.70000
+0.80000
+0.90000
+1.00000
+1.10000
+1.20000
+1.30000
+1.40000
+1.50000
+1.60000
+1.70000
+1.80000
+1.90000
+2.00000
+2.10000
+2.20000
+2.30000
+2.40000
+2.50000
+2.60000
+2.70000
+2.80000
+2.90000
+3.00000
+3.10000
+3.20000
+3.30000
+3.40000
+3.50000
+3.60000
+3.70000
+3.80000
+3.90000
+4.00000
+4.10000
+4.20000
+4.30000
+4.40000
+4.50000
+4.60000
+4.70000
+4.80000
+4.90000
+5.00000
+5.10000
+5.20000
+5.30000
+5.40000
+5.50000
+5.60000
+5.70000
+5.80000
+5.90000
+6.00000
+6.10000
+6.20000
+6.30000
+6.40000
+6.50000
+6.60000
+6.70000
+6.80000
+6.90000
+7.00000
+7.10000
+7.20000
+7.30000
+7.40000
+7.50000
+7.60000
+7.70000
+7.80000
+7.90000
+8.00000
+8.10000
+8.20000
+8.30000
+8.40000
+8.50000
+8.60000
+8.70000
+8.80000
+8.90000
+9.00000
+9.10000
+9.20000
+9.30000
+9.40000
+9.50000
+9.60000
+9.70000
+9.80000
+9.90000
+10.00000
+10.10000
+10.20000
+10.30000
+10.40000
+10.50000
+10.60000
+10.70000
+10.80000
+10.90000
+11.00000
+11.10000
+11.20000
+11.30000
+11.40000
+11.50000
+11.60000
+11.70000
+11.80000
+11.90000
+12.00000
+12.10000
+12.20000
+12.30000
+12.40000
+12.50000
+12.60000
+12.70000
+12.80000
+12.90000
+13.00000
+13.10000
+13.20000
+13.30000
+13.40000
+13.50000
+13.60000
+13.70000
+13.80000
+13.90000
+14.00000
+14.10000
+14.20000
+14.30000
+14.40000
+14.50000
+14.60000
+14.70000
+14.80000
+14.90000
+15.00000
+15.10000
+15.20000
+15.30000
+15.40000
+15.50000
+15.60000
+15.70000
+15.80000
+15.90000
+16.00000
+16.10000
+16.20000
+16.30000
+16.40000
+16.50000
+16.60000
+16.70000
+16.80000
+16.90000
+17.00000
+17.10000
+17.20000
+17.30000
+17.40000
+17.50000
+17.60000
+17.70000
+17.80000
+17.90000
+18.00000
+18.10000
+18.20000
+18.30000
+18.40000
+18.50000
+18.60000
+18.70000
+18.80000
+18.90000
+19.00000
+19.10000
+19.20000
+19.30000
+19.40000
+19.50000
+19.60000
+19.70000
+19.80000
+19.90000
+20.00000
+20.10000
+20.20000
+20.30000
+20.40000
+20.50000
+20.60000
+20.70000
+20.80000
+20.90000
+21.00000
+21.10000
+21.20000
+21.30000
+21.40000
+21.50000
+21.60000
+21.70000
+21.80000
+21.90000
+22.00000
+22.10000
+22.20000
+22.30000
+22.40000
+22.50000
+22.60000
+22.70000
+22.80000
+22.90000
+23.00000
+23.10000
+23.20000
+23.30000
+23.40000
+23.50000
+23.60000
+23.70000
+23.80000
+23.90000
+24.00000
+24.10000
+24.20000
+24.30000
+24.40000
+24.50000
+24.60000
+24.70000
+24.80000
+24.90000
+25.00000
+25.10000
+25.20000
+25.30000
+25.40000
+25.50000
+25.60000
+25.70000
+25.80000
+25.90000
+26.00000
+26.10000
+26.20000
+26.30000
+26.40000
+26.50000
+26.60000
+26.70000
+26.80000
+26.90000
+27.00000
+27.10000
+27.20000
+27.30000
+27.40000
+27.50000
+27.60000
+27.70000
+27.80000
+27.90000
+28.00000
+28.10000
+28.20000
+28.30000
+28.40000
+28.50000
+28.60000
+28.70000
+28.80000
+28.90000
+29.00000
+29.10000
+29.20000
+29.30000
+29.40000
+29.50000
+29.60000
+29.70000
+29.80000
+29.90000
+30.00000
+30.10000
+30.20000
+30.30000
+30.40000
+30.50000
+30.60000
+30.70000
+30.80000
+30.90000
+31.00000
+31.10000
+31.20000
+31.30000
+31.40000
+31.50000
+31.60000
+31.70000
+31.80000
+31.90000
+32.00000
+32.10000
+32.20000
+32.30000
+32.40000
+32.50000
+32.60000
+32.70000
+32.80000
+32.90000
+33.00000
+33.10000
+33.20000
+33.30000
+33.40000
+33.50000
+33.60000
+33.70000
+33.80000
+33.90000
+34.00000
+34.10000
+34.20000
+34.30000
+34.40000
+34.50000
+34.60000
+34.70000
+34.80000
+34.90000
+35.00000
+35.10000
+35.20000
+35.30000
+35.40000
+35.50000
+35.60000
+35.70000
+35.80000
+35.90000
+36.00000
+36.10000
+36.20000
+36.30000
+36.40000
+36.50000
+36.60000
+36.70000
+36.80000
+36.90000
+37.00000
+37.10000
+37.20000
+37.30000
+37.40000
+37.50000
+37.60000
+37.70000
+37.80000
+37.90000
+38.00000
+38.10000
+38.20000
+38.30000
+38.40000
+38.50000
+38.60000
+38.70000
+38.80000
+38.90000
+39.00000
+39.10000
+39.20000
+39.30000
+39.40000
+39.50000
+39.60000
+39.70000
+39.80000
+39.90000
+40.00000
+40.10000
+40.20000
+40.30000
+40.40000
+40.50000
+40.60000
+40.70000
+40.80000
+40.90000
+41.00000
+41.10000
+41.20000
+41.30000
+41.40000
+41.50000
+41.60000
+41.70000
+41.80000
+41.90000
+42.00000
+42.10000
+42.20000
+42.30000
+42.40000
+42.50000
+42.60000
+42.70000
+42.80000
+42.90000
+43.00000
+43.10000
+43.20000
+43.30000
+43.40000
+43.50000
+43.60000
+43.70000
+43.80000
+43.90000
+44.00000
+44.10000
+44.20000
+44.30000
+44.40000
+44.50000
+44.60000
+44.70000
+44.80000
+44.90000
+45.00000
+45.10000
+45.20000
+45.30000
+45.40000
+45.50000
+45.60000
+45.70000
+45.80000
+45.90000
+46.00000
+46.10000
+46.20000
+46.30000
+46.40000
+46.50000
+46.60000
+46.70000
+46.80000
+46.90000
+47.00000
+47.10000
+47.20000
+47.30000
+47.40000
+47.50000
+47.60000
+47.70000
+47.80000
+47.90000
+48.00000
+48.10000
+48.20000
+48.30000
+48.40000
+48.50000
+48.60000
+48.70000
+48.80000
+48.90000
+49.00000
+49.10000
+49.20000
+49.30000
+49.40000
+49.50000
+49.60000
+49.70000
+49.80000
+49.90000
