+3.13389
+2.54599
+2.10900
+1.78190
+1.53492
+1.34648
+1.20088
+1.08675
+0.99578
+0.92197
+0.86091
+0.80941
+0.76512
+0.72634
+0.69181
+0.66062
+0.63207
+0.60568
+0.58106
+0.55793
+0.53609
+0.51536
+0.49563
+0.47680
+0.45879
+0.44153
+0.42498
+0.40908
+0.39382
+0.37914
+0.36503
+0.35145
+0.33839
+0.32581
+0.31371
+0.30207
+0.29086
+0.28006
+0.26967
+0.25966
+0.25003
+0.24076
+0.23182
+0.22322
+0.21494
+0.20697
+0.19929
+0.19190
+0.18478
+0.17793
+0.17133
+0.16498
+0.15886
+0.15296
+0.14729
+0.14183
+0.13657
+0.13150
+0.12662
+0.12193
+0.11740
+0.11305
+0.10886
+0.10482
+0.10093
+0.09719
+0.09358
+0.09011
+0.08677
+0.08355
+0.08045
+0.07747
+0.07459
+0.07183
+0.06916
+0.06660
+0.06413
+0.06175
+0.05946
+0.05725
+0.05513
+0.05309
+0.05112
+0.04922
+0.04739
+0.04564
+0.04394
+0.04231
+0.04074
+0.03923
+0.03778
+0.03638
+0.03503
+0.03373
+0.03248
+0.03127
+0.03011
+0.02900
+0.02792
+0.02688
+0.02589
+0.02493
+0.02400
+0.02311
+0.02226
+0.02143
+0.02064
+0.01987
+0.01913
+0.01842
+0.01774
+0.01708
+0.01645
+0.01584
+0.01525
+0.01468
+0.01414
+0.01362
+0.01311
+0.01262
+0.01216
+0.01171
+0.01127
+0.01085
+0.01045
+0.01006
+0.00969
+0.00933
+0.00898
+0.00865
+0.00833
+0.00802
+0.00772
+0.00744
+0.00716
+0.00690
+0.00664
+0.00639
+0.00616
+0.00593
+0.00571
+0.00550
+0.00529
+0.00510
+0.00491
+0.00473
+0.00455
+0.00438
+0.00422
+0.00406
+0.00391
+0.00377
+0.00363
+0.00349
+0.00336
+0.00324
+0.00312
+0.00300
+0.00289
+0.00278
+0.00268
+0.00258
+0.00249
+0.00239
+0.00230
+0.00222
+0.00214
+0.00206
+0.00198
+0.00191
+0.00184
+0.00177
+0.00170
+0.00164
+0.00158
+0.00152
+0.00146
+0.00141
+0.00136
+0.00131
+0.00126
+0.00121
+0.00117
+0.00112
+0.00108
+0.00104
+0.00100
+0.00097
+0.00093
+0.00090
+0.00086
+0.00083
+0.00080
+0.00077
+0.00074
+0.00071
+0.00069
+0.00066
+0.00064
+0.00061
+0.00059
+0.00057
+0.00055
+0.00053
+0.00051
+0.00049
+0.00047
+0.00045
+0.00044
+0.00042
+0.00041
+0.00039
+0.00038
+0.00036
+0.00035
+0.00034
+0.00032
+0.00031
+0.00030
+0.00029
+0.00028
+0.00027
+0.00026
+0.00025
+0.00024
+0.00023
+0.00022
+0.00021
+0.00021
+0.00020
+0.00019
+0.00018
+0.00018
+0.00017
+0.00016
+0.00016
+0.00015
+0.00015
+0.00014
+0.00014
+0.00013
+0.00013
+0.00012
+0.00012
+0.00011
+0.00011
+0.00010
+0.00010
+0.00010
+0.00009
+0.00009
+0.00009
+0.00008
+0.00008
+0.00008
+0.00007
+0.00007
+0.00007
+0.00007
+0.00006
+0.00006
+0.00006
+0.00006
+0.00005
+0.00005
+0.00005
+0.00005
+0.00005
+0.00005
+0.00004
+0.00004
+0.00004
+0.00004
+0.00004
+0.00004
+0.00003
+0.00003
+0.00003
+0.00003
+0.00003
+0.00003
+0.00003
+0.00003
+0.00003
+0.00002
+0.00002
+0.00002
+0.00002
+0.00002
+0.00002
+0.00002
+0.00002
+0.00002
+0.00002
+0.00002
+0.00002
+0.00002
+0.00002
+0.00001
+0.00001
+0.00001
+0.00001
+0.00001
+0.00001
+0.00001
+0.00001
+0.00001
+0.00001
+0.00001
+0.00001
+0.00001
+0.00001
+0.00001
+0.00001
+0.00001
+0.00001
+0.00001
+0.00001
+0.00001
+0.00001
+0.00001
+0.00001
+0.00001
+0.00001
+0.00001
+0.00001
+0.00001
+0.00000
+0.00000
+0.00000
+0.00000
+0.00000
+0.00000
+0.00000
+0.00000
+0.00000
+0.00000
+0.00000
+0.00000
+0.00000
+0.00000
+0.00000
+0.00000
+0.00000
+0.00000
+0.00000
+0.00000
+0.00000
+0.00000
+0.00000
+0.00000
+0.00000
+0.00000
+0.00000
+0.00000
+0.00000
+0.00000
+0.00000
+0.00000
+0.00000
+0.00000
+0.00000
+0.00000
+0.00000
+0.00000
+0.00000
+0.00000
+0.00000
+0.00000
+0.00000
+0.00000
+0.00000
+0.00000
+0.00000
+0.00000
+0.00000
+0.00000
+0.00000
+0.00000
+0.00000
+0.00000
+0.00000
+0.00000
+0.00000
+0.00000
+0.00000
+0.00000
+0.00000
+0.00000
+0.00000
+0.00000
+0.00000
+0.00000
+0.00000
+0.00000
+0.00000
+0.00000
+0.00000
+0.00000
+0.00000
+0.00000
+0.00000
+0.00000
+0.00000
+0.00000
+0.00000
+0.00000
+0.00000
+0.00000
+0.00000
+0.00000
+0.00000
+0.00000
+0.00000
+0.00000
+0.00000
+0.00000
+0.00000
+0.00000
+0.00000
+0.00000
+0.00000
+0.00000
+0.00000
+0.00000
+0.00000
+0.00000
+0.00000
+0.00000
+0.00000
+0.00000
+0.00000
+0.00000
+0.00000
+0.00000
+0.00000
+0.00000
+0.00000
+0.00000
+0.00000
+0.00000
+0.00000
+0.00000
+0.00000
+0.00000
+0.00000
+0.00000
+0.00000
+0.00000
+0.00000
+0.00000
+0.00000
+0.00000
+0.00000
+0.00000
+0.00000
+0.00000
+0.00000
+0.00000
+0.00000
+0.00000
+0.00000
+0.00000
+0.00000
+0.00000
+0.00000
+0.00000
+0.00000
+0.00000
+0.00000
+0.00000
+0.00000
+0.00000
+0.00000
+0.00000
+0.00000
+0.00000
+0.00000
+0.00000
+0.00000
+0.00000
+0.00000
+0.00000
+0.00000
+0.00000
+0.00000
+0.00000
+0.00000
+0.00000
+0.00000
+0.00000
+0.00000
+0.00000
+0.00000
+0.00000
+0.00000
+0.00000
+0.00000
+0.00000
+0.00000
