+2.00000
+1.96291
+1.92719
+1.89280
+1.85969
+1.82780
+1.79710
+1.76753
+1.73906
+1.71165
+1.68525
+1.65984
+1.63536
+1.61180
+1.58911
+1.56725
+1.54621
+1.52596
+1.50645
+1.48766
+1.46957
+1.45216
+1.43539
+1.41924
+1.40369
+1.38871
+1.37430
+1.36041
+1.34705
+1.33417
+1.32178
+1.30984
+1.29835
+1.28728
+1.27663
+1.26637
+1.25649
+1.24697
+1.23781
+1.22899
+1.22050
+1.21232
+1.20445
+1.19686
+1.18956
+1.18253
+1.17576
+1.16924
+1.16296
+1.15692
+1.15110
+1.14549
+1.14010
+1.13490
+1.12990
+1.12508
+1.12044
+1.11597
+1.11167
+1.10753
+1.10354
+1.09970
+1.09600
+1.09244
+1.08901
+1.08571
+1.08253
+1.07947
+1.07652
+1.07369
+1.07095
+1.06832
+1.06579
+1.06335
+1.06100
+1.05873
+1.05656
+1.05446
+1.05244
+1.05049
+1.04862
+1.04682
+1.04508
+1.04341
+1.04180
+1.04025
+1.03876
+1.03732
+1.03593
+1.03460
+1.03332
+1.03208
+1.03089
+1.02975
+1.02864
+1.02758
+1.02656
+1.02557
+1.02462
+1.02371
+1.02283
+1.02198
+1.02117
+1.02038
+1.01963
+1.01890
+1.01820
+1.01752
+1.01687
+1.01625
+1.01564
+1.01506
+1.01451
+1.01397
+1.01345
+1.01295
+1.01247
+1.01201
+1.01156
+1.01113
+1.01072
+1.01032
+1.00994
+1.00957
+1.00922
+1.00887
+1.00855
+1.00823
+1.00792
+1.00763
+1.00735
+1.00707
+1.00681
+1.00656
+1.00632
+1.00608
+1.00586
+1.00564
+1.00543
+1.00523
+1.00503
+1.00485
+1.00467
+1.00449
+1.00433
+1.00417
+1.00401
+1.00386
+1.00372
+1.00358
+1.00345
+1.00332
+1.00320
+1.00308
+1.00297
+1.00286
+1.00275
+1.00265
+1.00255
+1.00245
+1.00236
+1.00228
+1.00219
+1.00211
+1.00203
+1.00196
+1.00188
+1.00181
+1.00175
+1.00168
+1.00162
+1.00156
+1.00150
+1.00145
+1.00139
+1.00134
+1.00129
+1.00124
+1.00120
+1.00115
+1.00111
+1.00107
+1.00103
+1.00099
+1.00095
+1.00092
+1.00088
+1.00085
+1.00082
+1.00079
+1.00076
+1.00073
+1.00071
+1.00068
+1.00065
+1.00063
+1.00061
+1.00058
+1.00056
+1.00054
+1.00052
+1.00050
+1.00048
+1.00047
+1.00045
+1.00043
+1.00042
+1.00040
+1.00039
+1.00037
+1.00036
+1.00034
+1.00033
+1.00032
+1.00031
+1.00030
+1.00028
+1.00027
+1.00026
+1.00025
+1.00024
+1.00024
+1.00023
+1.00022
+1.00021
+1.00020
+1.00020
+1.00019
+1.00018
+1.00017
+1.00017
+1.00016
+1.00016
+1.00015
+1.00014
+1.00014
+1.00013
+1.00013
+1.00012
+1.00012
+1.00011
+1.00011
+1.00011
+1.00010
+1.00010
+1.00010
+1.00009
+1.00009
+1.00008
+1.00008
+1.00008
+1.00008
+1.00007
+1.00007
+1.00007
+1.00007
+1.00006
+1.00006
+1.00006
+1.00006
+1.00005
+1.00005
+1.00005
+1.00005
+1.00005
+1.00004
+1.00004
+1.00004
+1.00004
+1.00004
+1.00004
+1.00004
+1.00003
+1.00003
+1.00003
+1.00003
+1.00003
+1.00003
+1.00003
+1.00003
+1.00003
+1.00002
+1.00002
+1.00002
+1.00002
+1.00002
+1.00002
+1.00002
+1.00002
+1.00002
+1.00002
+1.00002
+1.00002
+1.00002
+1.00001
+1.00001
+1.00001
+1.00001
+1.00001
+1.00001
+1.00001
+1.00001
+1.00001
+1.00001
+1.00001
+1.00001
+1.00001
+1.00001
+1.00001
+1.00001
+1.00001
+1.00001
+1.00001
+1.00001
+1.00001
+1.00001
+1.00001
+1.00001
+1.00001
+1.00001
+1.00001
+1.00001
+1.00001
+1.00000
+1.00000
+1.00000
+1.00000
+1.00000
+1.00000
+1.00000
+1.00000
+1.00000
+1.00000
+1.00000
+1.00000
+1.00000
+1.00000
+1.00000
+1.00000
+1.00000
+1.00000
+1.00000
+1.00000
+1.00000
+1.00000
+1.00000
+1.00000
+1.00000
+1.00000
+1.00000
+1.00000
+1.00000
+1.00000
+1.00000
+1.00000
+1.00000
+1.00000
+1.00000
+1.00000
+1.00000
+1.00000
+1.00000
+1.00000
+1.00000
+1.00000
+1.00000
+1.00000
+1.00000
+1.00000
+1.00000
+1.00000
+1.00000
+1.00000
+1.00000
+1.00000
+1.00000
+1.00000
+1.00000
+1.00000
+1.00000
+1.00000
+1.00000
+1.00000
+1.00000
+1.00000
+1.00000
+1.00000
+1.00000
+1.00000
+1.00000
+1.00000
+1.00000
+1.00000
+1.00000
+1.00000
+1.00000
+1.00000
+1.00000
+1.00000
+1.00000
+1.00000
+1.00000
+1.00000
+1.00000
+1.00000
+1.00000
+1.00000
+1.00000
+1.00000
+1.00000
+1.00000
+1.00000
+1.00000
+1.00000
+1.00000
+1.00000
+1.00000
+1.00000
+1.00000
+1.00000
+1.00000
+1.00000
+1.00000
+1.00000
+1.00000
+1.00000
+1.00000
+1.00000
+1.00000
+1.00000
+1.00000
+1.00000
+1.00000
+1.00000
+1.00000
+1.00000
+1.00000
+1.00000
+1.00000
+1.00000
+1.00000
+1.00000
+1.00000
+1.00000
+1.00000
+1.00000
+1.00000
+1.00000
+1.00000
+1.00000
+1.00000
+1.00000
+1.00000
+1.00000
+1.00000
+1.00000
+1.00000
+1.00000
+1.00000
+1.00000
+1.00000
+1.00000
+1.00000
+1.00000
+1.00000
+1.00000
+1.00000
+1.00000
+1.00000
+1.00000
+1.00000
+1.00000
+1.00000
+1.00000
+1.00000
+1.00000
+1.00000
+1.00000
+1.00000
+1.00000
+1.00000
+1.00000
+1.00000
+1.00000
+1.00000
+1.00000
+1.00000
+1.00000
+1.00000
+1.00000
+1.00000
+1.00000
+1.00000
+1.00000
+1.00000
+1.00000
+1.00000
+1.00000
+1.00000
+1.00000
